"DOID:0050744","DOID:0050745","DOID:0050746","DOID:0050771","DOID:0050861","DOID:0050865","DOID:0050866","DOID:0050902","DOID:0050934","DOID:0060058","DOID:0060119","DOID:0060318","DOID:0070004","DOID:10283","DOID:1040","DOID:10534","DOID:11054","DOID:1115","DOID:11934","DOID:1240","DOID:13223","DOID:1324","DOID:1380","DOID:1612","DOID:1749","DOID:1785","DOID:1793","DOID:1909","DOID:1993","DOID:1996","DOID:2025","DOID:2101","DOID:219","DOID:234","DOID:2394","DOID:255","DOID:263","DOID:2671","DOID:2725","DOID:2870","DOID:2998","DOID:3068","DOID:3070","DOID:3121","DOID:3181","DOID:3246","DOID:3247","DOID:3302","DOID:3305","DOID:3308","DOID:3347","DOID:3355","DOID:3369","DOID:3371","DOID:3498","DOID:3565","DOID:3571","DOID:3594","DOID:3717","DOID:3744","DOID:3748","DOID:3829","DOID:3907","DOID:3910","DOID:3948","DOID:4006","DOID:4074","DOID:4085","DOID:4226","DOID:4362","DOID:4450","DOID:4465","DOID:4467","DOID:4531","DOID:4897","DOID:4927","DOID:4928","DOID:4947","DOID:5041","DOID:5520","DOID:6039","DOID:6271","DOID:684","DOID:687","DOID:707","DOID:7474","DOID:768","DOID:769","DOID:7693","DOID:7910","DOID:8527","DOID:8552","DOID:8567","DOID:8649","DOID:8692","DOID:8864","DOID:8923","DOID:9036","DOID:9119","DOID:9253","DOID:9256","DOID:9538","DOID:9952"
1,0.580614852075153,0.580614852075153,0.1210836969317,0.133086930698233,0.163074998260921,0.206873557102869,0.133086930698233,0.0980978720008218,0.728332100315302,0.271481053610807,0.266386646796648,0.386434809603095,0.206873557102869,0.315372823998099,0.271481053610807,0.271481053610807,0.222834702756658,0.368193282506597,0.490223176474009,0.053628690703256,0.271481053610807,0.163074998260921,0.271481053610807,0.164303377491262,0.271481053610807,0.271481053610807,0.222834702756658,0.133086930698233,0.11241482621018,0.133086930698233,0.133086930698233,0.133086930698233,0.0980978720008218,0.206873557102869,0.1210836969317,0.271481053610807,0.164303377491262,0.053628690703256,0.11241482621018,0.206873557102869,0.125202196225305,0.222834702756658,0.206873557102869,0.164303377491262,0.133086930698233,0.163074998260921,0.133086930698233,0.112605750670086,0.125202196225305,0.163074998260921,0.206873557102869,0.163074998260921,0.206873557102869,0.133086930698233,0.206873557102869,0.271481053610807,0.163074998260921,0.163074998260921,0.133086930698233,0.163074998260921,0.0892790042075809,0.133086930698233,0.133086930698233,0.163074998260921,0.163074998260921,0.163074998260921,0.125202196225305,0.11241482621018,0.206873557102869,0.163074998260921,0.133086930698233,0.133086930698233,0.133086930698233,0.163074998260921,0.0881502033722786,0.0980978720008218,0.11241482621018,0.271481053610807,0.206873557102869,0.133086930698233,0.119961325976145,0.163074998260921,0.206873557102869,0.687384851140685,0.163074998260921,0.11241482621018,0.163074998260921,0.0220824020542819,0.163074998260921,0.315372823998099,0.315372823998099,0.574132130058704,0.206873557102869,0.386434809603095,0.266386646796648,0.206873557102869,0.163074998260921,0.315372823998099,0.271481053610807,0.163074998260921,0.315372823998099,0.315372823998099
0.580614852075153,1,0.691279407372615,0.113285175146291,0.11241482621018,0.142026451563498,0.185269140043217,0.11241482621018,0.0778607205818629,0.652270226224164,0.249043530364504,0.218010738874834,0.336556586563495,0.185269140043217,0.266386646796648,0.249043530364504,0.249043530364504,0.208482801319646,0.344479410138723,0.439027721118709,0.0467066854134993,0.249043530364504,0.142026451563498,0.249043530364504,0.150723936853054,0.249043530364504,0.249043530364504,0.208482801319646,0.11241482621018,0.0920002545821146,0.11241482621018,0.11241482621018,0.11241482621018,0.0778607205818629,0.185269140043217,0.113285175146291,0.249043530364504,0.150723936853054,0.0467066854134993,0.0920002545821146,0.185269140043217,0.112126960792045,0.208482801319646,0.185269140043217,0.150723936853054,0.11241482621018,0.142026451563498,0.11241482621018,0.100911050420394,0.112126960792045,0.142026451563498,0.185269140043217,0.142026451563498,0.185269140043217,0.11241482621018,0.185269140043217,0.249043530364504,0.142026451563498,0.142026451563498,0.11241482621018,0.142026451563498,0.0819002213950383,0.11241482621018,0.11241482621018,0.142026451563498,0.142026451563498,0.142026451563498,0.112126960792045,0.0920002545821146,0.185269140043217,0.142026451563498,0.11241482621018,0.11241482621018,0.11241482621018,0.142026451563498,0.0680358734973793,0.0778607205818629,0.0920002545821146,0.249043530364504,0.185269140043217,0.11241482621018,0.101390670992855,0.142026451563498,0.185269140043217,0.844672167435242,0.142026451563498,0.0920002545821146,0.142026451563498,0.0192321645820291,0.142026451563498,0.266386646796648,0.266386646796648,0.500027288244164,0.185269140043217,0.336556586563495,0.218010738874834,0.185269140043217,0.142026451563498,0.266386646796648,0.249043530364504,0.142026451563498,0.266386646796648,0.266386646796648
0.580614852075153,0.691279407372615,1,0.113285175146291,0.11241482621018,0.142026451563498,0.185269140043217,0.11241482621018,0.0778607205818629,0.652270226224164,0.249043530364504,0.218010738874834,0.336556586563495,0.185269140043217,0.266386646796648,0.249043530364504,0.249043530364504,0.208482801319646,0.344479410138723,0.439027721118709,0.0467066854134993,0.249043530364504,0.142026451563498,0.249043530364504,0.150723936853054,0.249043530364504,0.249043530364504,0.208482801319646,0.11241482621018,0.0920002545821146,0.11241482621018,0.11241482621018,0.11241482621018,0.0778607205818629,0.185269140043217,0.113285175146291,0.249043530364504,0.150723936853054,0.0467066854134993,0.0920002545821146,0.185269140043217,0.112126960792045,0.208482801319646,0.185269140043217,0.150723936853054,0.11241482621018,0.142026451563498,0.11241482621018,0.100911050420394,0.112126960792045,0.142026451563498,0.185269140043217,0.142026451563498,0.185269140043217,0.11241482621018,0.185269140043217,0.249043530364504,0.142026451563498,0.142026451563498,0.11241482621018,0.142026451563498,0.0819002213950383,0.11241482621018,0.11241482621018,0.142026451563498,0.142026451563498,0.142026451563498,0.112126960792045,0.0920002545821146,0.185269140043217,0.142026451563498,0.11241482621018,0.11241482621018,0.11241482621018,0.142026451563498,0.0680358734973793,0.0778607205818629,0.0920002545821146,0.249043530364504,0.185269140043217,0.11241482621018,0.101390670992855,0.142026451563498,0.185269140043217,0.844672167435242,0.142026451563498,0.0920002545821146,0.142026451563498,0.0192321645820291,0.142026451563498,0.266386646796648,0.266386646796648,0.500027288244164,0.185269140043217,0.336556586563495,0.218010738874834,0.185269140043217,0.142026451563498,0.266386646796648,0.249043530364504,0.142026451563498,0.266386646796648,0.266386646796648
0.1210836969317,0.113285175146291,0.113285175146291,1,0.1210836969317,0.132409048462471,0.148976520421494,0.1210836969317,0.107888206387495,0.148976520421494,0.173472727049999,0.113285175146291,0.132409048462471,0.148976520421494,0.1210836969317,0.173472727049999,0.173472727049999,0.21027009483971,0.21027009483971,0.148976520421494,0.243677156414128,0.173472727049999,0.132409048462471,0.173472727049999,0.173472727049999,0.173472727049999,0.173472727049999,0.21027009483971,0.1210836969317,0.113285175146291,0.1210836969317,0.1210836969317,0.1210836969317,0.107888206387495,0.148976520421494,0.639392737369731,0.173472727049999,0.173472727049999,0.243677156414128,0.113285175146291,0.148976520421494,0.148976520421494,0.21027009483971,0.148976520421494,0.173472727049999,0.1210836969317,0.132409048462471,0.1210836969317,0.133011294230685,0.148976520421494,0.132409048462471,0.148976520421494,0.132409048462471,0.148976520421494,0.1210836969317,0.148976520421494,0.173472727049999,0.132409048462471,0.132409048462471,0.1210836969317,0.132409048462471,0.319248127932352,0.1210836969317,0.1210836969317,0.132409048462471,0.132409048462471,0.132409048462471,0.148976520421494,0.113285175146291,0.148976520421494,0.132409048462471,0.1210836969317,0.1210836969317,0.1210836969317,0.132409048462471,0.104140263544957,0.107888206387495,0.113285175146291,0.173472727049999,0.148976520421494,0.1210836969317,0.108379921824947,0.132409048462471,0.148976520421494,0.1210836969317,0.132409048462471,0.113285175146291,0.132409048462471,0.0545213728963117,0.132409048462471,0.1210836969317,0.1210836969317,0.132409048462471,0.148976520421494,0.132409048462471,0.113285175146291,0.148976520421494,0.132409048462471,0.1210836969317,0.173472727049999,0.132409048462471,0.1210836969317,0.1210836969317
0.133086930698233,0.11241482621018,0.11241482621018,0.1210836969317,1,0.255046685284169,0.323546929785103,0.133086930698233,0.0980978720008218,0.206873557102869,0.424592019495871,0.11241482621018,0.163074998260921,0.206873557102869,0.133086930698233,0.424592019495871,0.271481053610807,0.222834702756658,0.368193282506597,0.206873557102869,0.053628690703256,0.271481053610807,0.163074998260921,0.271481053610807,0.164303377491262,0.271481053610807,0.271481053610807,0.222834702756658,0.687384851140685,0.580614852075153,0.133086930698233,0.133086930698233,0.687384851140685,0.50666876746447,0.206873557102869,0.1210836969317,0.271481053610807,0.164303377491262,0.053628690703256,0.11241482621018,0.206873557102869,0.125202196225305,0.222834702756658,0.323546929785103,0.164303377491262,0.133086930698233,0.163074998260921,0.133086930698233,0.112605750670086,0.125202196225305,0.163074998260921,0.206873557102869,0.163074998260921,0.206873557102869,0.133086930698233,0.206873557102869,0.424592019495871,0.163074998260921,0.255046685284169,0.133086930698233,0.255046685284169,0.0892790042075809,0.133086930698233,0.133086930698233,0.163074998260921,0.163074998260921,0.163074998260921,0.125202196225305,0.11241482621018,0.206873557102869,0.163074998260921,0.133086930698233,0.133086930698233,0.208145827939354,0.255046685284169,0.137865506159645,0.153423500561434,0.175814987628137,0.424592019495871,0.206873557102869,0.133086930698233,0.187617592388725,0.255046685284169,0.323546929785103,0.133086930698233,0.163074998260921,0.11241482621018,0.163074998260921,0.0220824020542819,0.163074998260921,0.133086930698233,0.133086930698233,0.163074998260921,0.323546929785103,0.163074998260921,0.11241482621018,0.206873557102869,0.255046685284169,0.133086930698233,0.424592019495871,0.842271159281001,0.133086930698233,0.133086930698233
0.163074998260921,0.142026451563498,0.142026451563498,0.132409048462471,0.255046685284169,1,0.564515588188714,0.163074998260921,0.127450189525895,0.238224860376036,0.47553108355459,0.142026451563498,0.19361341827272,0.238224860376036,0.163074998260921,0.47553108355459,0.304051121218363,0.243677156414128,0.402631596345066,0.238224860376036,0.0636715268145186,0.304051121218363,0.19361341827272,0.304051121218363,0.184015147583005,0.304051121218363,0.304051121218363,0.243677156414128,0.255046685284169,0.222127095387026,0.163074998260921,0.163074998260921,0.255046685284169,0.19933005503032,0.238224860376036,0.132409048462471,0.304051121218363,0.184015147583005,0.0636715268145186,0.142026451563498,0.238224860376036,0.144176356477088,0.243677156414128,0.372579865945962,0.184015147583005,0.163074998260921,0.19361341827272,0.163074998260921,0.129549753265667,0.144176356477088,0.19361341827272,0.238224860376036,0.19361341827272,0.238224860376036,0.163074998260921,0.238224860376036,0.47553108355459,0.19361341827272,0.302808285044318,0.163074998260921,0.302808285044318,0.0999899660382537,0.163074998260921,0.163074998260921,0.19361341827272,0.19361341827272,0.19361341827272,0.144176356477088,0.142026451563498,0.238224860376036,0.19361341827272,0.163074998260921,0.163074998260921,0.386434809603095,0.302808285044318,0.183491334678832,0.19933005503032,0.222127095387026,0.47553108355459,0.238224860376036,0.163074998260921,0.229686910229041,0.302808285044318,0.372579865945962,0.163074998260921,0.19361341827272,0.142026451563498,0.19361341827272,0.0262176875118606,0.19361341827272,0.163074998260921,0.163074998260921,0.19361341827272,0.838709477106931,0.19361341827272,0.142026451563498,0.238224860376036,0.458800951860886,0.163074998260921,0.47553108355459,0.302808285044318,0.163074998260921,0.163074998260921
0.206873557102869,0.185269140043217,0.185269140043217,0.148976520421494,0.323546929785103,0.564515588188714,1,0.206873557102869,0.170310041403733,0.284037401363075,0.549999174998487,0.185269140043217,0.238224860376036,0.284037401363075,0.206873557102869,0.549999174998487,0.351665478053376,0.274166873716867,0.453010235567401,0.284037401363075,0.078342403747824,0.351665478053376,0.238224860376036,0.351665478053376,0.212831890191799,0.351665478053376,0.351665478053376,0.274166873716867,0.323546929785103,0.28975796754489,0.206873557102869,0.206873557102869,0.323546929785103,0.266362176874791,0.284037401363075,0.148976520421494,0.351665478053376,0.212831890191799,0.078342403747824,0.185269140043217,0.284037401363075,0.171902619932726,0.274166873716867,0.444229946263574,0.212831890191799,0.206873557102869,0.238224860376036,0.206873557102869,0.154252543182844,0.171902619932726,0.238224860376036,0.284037401363075,0.238224860376036,0.284037401363075,0.206873557102869,0.284037401363075,0.549999174998487,0.238224860376036,0.372579865945962,0.206873557102869,0.372579865945962,0.115648378688694,0.206873557102869,0.206873557102869,0.238224860376036,0.238224860376036,0.238224860376036,0.171902619932726,0.185269140043217,0.284037401363075,0.238224860376036,0.206873557102869,0.206873557102869,0.490223176474009,0.372579865945962,0.250109049857146,0.266362176874791,0.28975796754489,0.549999174998487,0.284037401363075,0.206873557102869,0.290995254107926,0.372579865945962,0.444229946263574,0.206873557102869,0.238224860376036,0.185269140043217,0.238224860376036,0.0322586368373393,0.238224860376036,0.206873557102869,0.206873557102869,0.238224860376036,0.673076438978573,0.238224860376036,0.185269140043217,0.284037401363075,0.564515588188714,0.206873557102869,0.549999174998487,0.372579865945962,0.206873557102869,0.206873557102869
0.133086930698233,0.11241482621018,0.11241482621018,0.1210836969317,0.133086930698233,0.163074998260921,0.206873557102869,1,0.0980978720008218,0.206873557102869,0.271481053610807,0.11241482621018,0.163074998260921,0.206873557102869,0.133086930698233,0.271481053610807,0.271481053610807,0.222834702756658,0.368193282506597,0.206873557102869,0.053628690703256,0.271481053610807,0.163074998260921,0.271481053610807,0.164303377491262,0.271481053610807,0.271481053610807,0.222834702756658,0.133086930698233,0.11241482621018,0.133086930698233,0.133086930698233,0.133086930698233,0.0980978720008218,0.206873557102869,0.1210836969317,0.271481053610807,0.164303377491262,0.053628690703256,0.11241482621018,0.206873557102869,0.125202196225305,0.222834702756658,0.206873557102869,0.164303377491262,0.133086930698233,0.163074998260921,0.133086930698233,0.112605750670086,0.125202196225305,0.163074998260921,0.206873557102869,0.163074998260921,0.206873557102869,0.133086930698233,0.490223176474009,0.271481053610807,0.163074998260921,0.163074998260921,0.133086930698233,0.163074998260921,0.0892790042075809,0.133086930698233,0.133086930698233,0.163074998260921,0.163074998260921,0.163074998260921,0.125202196225305,0.11241482621018,0.206873557102869,0.163074998260921,0.133086930698233,0.133086930698233,0.133086930698233,0.163074998260921,0.0881502033722786,0.0980978720008218,0.11241482621018,0.271481053610807,0.206873557102869,0.208145827939354,0.119961325976145,0.163074998260921,0.206873557102869,0.133086930698233,0.163074998260921,0.175814987628137,0.255046685284169,0.0220824020542819,0.163074998260921,0.133086930698233,0.133086930698233,0.163074998260921,0.206873557102869,0.163074998260921,0.11241482621018,0.206873557102869,0.163074998260921,0.133086930698233,0.271481053610807,0.163074998260921,0.133086930698233,0.133086930698233
0.0980978720008218,0.0778607205818629,0.0778607205818629,0.107888206387495,0.0980978720008218,0.127450189525895,0.170310041403733,0.0980978720008218,1,0.170310041403733,0.233510808684412,0.0778607205818629,0.127450189525895,0.266362176874791,0.0980978720008218,0.233510808684412,0.233510808684412,0.198550564696314,0.328068219423198,0.170310041403733,0.04191314957563,0.233510808684412,0.302015577179498,0.233510808684412,0.141323359539362,0.233510808684412,0.233510808684412,0.198550564696314,0.0980978720008218,0.0778607205818629,0.23246011279088,0.23246011279088,0.0980978720008218,0.0638434257000137,0.599604279529482,0.107888206387495,0.233510808684412,0.141323359539362,0.04191314957563,0.184504633171731,0.266362176874791,0.103073546573992,0.198550564696314,0.170310041403733,0.141323359539362,0.0980978720008218,0.127450189525895,0.0980978720008218,0.092804687583248,0.103073546573992,0.127450189525895,0.170310041403733,0.127450189525895,0.170310041403733,0.0980978720008218,0.170310041403733,0.233510808684412,0.302015577179498,0.127450189525895,0.23246011279088,0.127450189525895,0.0767921451378269,0.0980978720008218,0.0980978720008218,0.127450189525895,0.127450189525895,0.127450189525895,0.103073546573992,0.184504633171731,0.403579513262017,0.127450189525895,0.0980978720008218,0.0980978720008218,0.0980978720008218,0.127450189525895,0.0541032052589445,0.0638434257000137,0.0778607205818629,0.233510808684412,0.170310041403733,0.0980978720008218,0.0885156539270409,0.127450189525895,0.170310041403733,0.0980978720008218,0.127450189525895,0.0778607205818629,0.127450189525895,0.0172583557076123,0.127450189525895,0.0980978720008218,0.0980978720008218,0.127450189525895,0.170310041403733,0.127450189525895,0.0778607205818629,0.170310041403733,0.127450189525895,0.0980978720008218,0.233510808684412,0.127450189525895,0.0980978720008218,0.0980978720008218
0.728332100315302,0.652270226224164,0.652270226224164,0.148976520421494,0.206873557102869,0.238224860376036,0.284037401363075,0.206873557102869,0.170310041403733,1,0.351665478053376,0.439027721118709,0.564515588188714,0.284037401363075,0.490223176474009,0.351665478053376,0.351665478053376,0.274166873716867,0.453010235567401,0.673076438978573,0.078342403747824,0.351665478053376,0.238224860376036,0.351665478053376,0.212831890191799,0.351665478053376,0.351665478053376,0.274166873716867,0.206873557102869,0.185269140043217,0.206873557102869,0.206873557102869,0.206873557102869,0.170310041403733,0.284037401363075,0.148976520421494,0.351665478053376,0.212831890191799,0.078342403747824,0.185269140043217,0.284037401363075,0.171902619932726,0.274166873716867,0.284037401363075,0.212831890191799,0.206873557102869,0.238224860376036,0.206873557102869,0.154252543182844,0.171902619932726,0.238224860376036,0.284037401363075,0.238224860376036,0.284037401363075,0.206873557102869,0.284037401363075,0.351665478053376,0.238224860376036,0.238224860376036,0.206873557102869,0.238224860376036,0.115648378688694,0.206873557102869,0.206873557102869,0.238224860376036,0.238224860376036,0.238224860376036,0.171902619932726,0.185269140043217,0.284037401363075,0.238224860376036,0.206873557102869,0.206873557102869,0.206873557102869,0.238224860376036,0.159917910029103,0.170310041403733,0.185269140043217,0.351665478053376,0.284037401363075,0.206873557102869,0.186060252085667,0.238224860376036,0.284037401363075,0.728332100315302,0.238224860376036,0.185269140043217,0.238224860376036,0.0322586368373393,0.238224860376036,0.490223176474009,0.490223176474009,0.838709477106931,0.284037401363075,0.564515588188714,0.439027721118709,0.284037401363075,0.238224860376036,0.490223176474009,0.351665478053376,0.238224860376036,0.490223176474009,0.490223176474009
0.271481053610807,0.249043530364504,0.249043530364504,0.173472727049999,0.424592019495871,0.47553108355459,0.549999174998487,0.271481053610807,0.233510808684412,0.351665478053376,1,0.249043530364504,0.304051121218363,0.351665478053376,0.271481053610807,0.659999251998354,0.421998728397202,0.319248127932352,0.527498700621427,0.351665478053376,0.0999899660382537,0.421998728397202,0.304051121218363,0.421998728397202,0.255398361876396,0.421998728397202,0.421998728397202,0.319248127932352,0.424592019495871,0.38950009252372,0.271481053610807,0.271481053610807,0.424592019495871,0.365207164605913,0.351665478053376,0.173472727049999,0.421998728397202,0.255398361876396,0.0999899660382537,0.249043530364504,0.351665478053376,0.212831890191799,0.319248127932352,0.549999174998487,0.255398361876396,0.271481053610807,0.304051121218363,0.271481053610807,0.190595686052619,0.212831890191799,0.304051121218363,0.351665478053376,0.304051121218363,0.351665478053376,0.271481053610807,0.351665478053376,0.659999251998354,0.304051121218363,0.47553108355459,0.271481053610807,0.47553108355459,0.138778105311832,0.271481053610807,0.271481053610807,0.304051121218363,0.304051121218363,0.304051121218363,0.212831890191799,0.249043530364504,0.351665478053376,0.304051121218363,0.271481053610807,0.271481053610807,0.424592019495871,0.47553108355459,0.348333224248546,0.365207164605913,0.38950009252372,0.659999251998354,0.351665478053376,0.271481053610807,0.381139564634915,0.47553108355459,0.549999174998487,0.271481053610807,0.304051121218363,0.249043530364504,0.304051121218363,0.041172338956928,0.304051121218363,0.271481053610807,0.271481053610807,0.304051121218363,0.549999174998487,0.304051121218363,0.249043530364504,0.351665478053376,0.47553108355459,0.271481053610807,0.659999251998354,0.47553108355459,0.271481053610807,0.271481053610807
0.266386646796648,0.218010738874834,0.218010738874834,0.113285175146291,0.11241482621018,0.142026451563498,0.185269140043217,0.11241482621018,0.0778607205818629,0.439027721118709,0.249043530364504,1,0.336556586563495,0.185269140043217,0.395774731323091,0.249043530364504,0.249043530364504,0.208482801319646,0.344479410138723,0.652270226224164,0.0467066854134993,0.249043530364504,0.142026451563498,0.249043530364504,0.150723936853054,0.249043530364504,0.249043530364504,0.208482801319646,0.11241482621018,0.0920002545821146,0.11241482621018,0.11241482621018,0.11241482621018,0.0778607205818629,0.185269140043217,0.113285175146291,0.249043530364504,0.150723936853054,0.0467066854134993,0.0920002545821146,0.185269140043217,0.112126960792045,0.208482801319646,0.185269140043217,0.150723936853054,0.11241482621018,0.142026451563498,0.11241482621018,0.100911050420394,0.112126960792045,0.142026451563498,0.185269140043217,0.142026451563498,0.185269140043217,0.11241482621018,0.185269140043217,0.249043530364504,0.142026451563498,0.142026451563498,0.11241482621018,0.142026451563498,0.0819002213950383,0.11241482621018,0.11241482621018,0.142026451563498,0.142026451563498,0.142026451563498,0.112126960792045,0.0920002545821146,0.185269140043217,0.142026451563498,0.11241482621018,0.11241482621018,0.11241482621018,0.142026451563498,0.0680358734973793,0.0778607205818629,0.0920002545821146,0.249043530364504,0.185269140043217,0.11241482621018,0.101390670992855,0.142026451563498,0.185269140043217,0.266386646796648,0.142026451563498,0.0920002545821146,0.142026451563498,0.0192321645820291,0.142026451563498,0.580614852075153,0.580614852075153,0.336556586563495,0.185269140043217,0.733556862073693,0.475174992533446,0.185269140043217,0.142026451563498,0.844672167435242,0.249043530364504,0.142026451563498,0.266386646796648,0.395774731323091
0.386434809603095,0.336556586563495,0.336556586563495,0.132409048462471,0.163074998260921,0.19361341827272,0.238224860376036,0.163074998260921,0.127450189525895,0.564515588188714,0.304051121218363,0.336556586563495,1,0.238224860376036,0.386434809603095,0.304051121218363,0.304051121218363,0.243677156414128,0.402631596345066,0.564515588188714,0.0636715268145186,0.304051121218363,0.19361341827272,0.304051121218363,0.184015147583005,0.304051121218363,0.304051121218363,0.243677156414128,0.163074998260921,0.142026451563498,0.163074998260921,0.163074998260921,0.163074998260921,0.127450189525895,0.238224860376036,0.132409048462471,0.304051121218363,0.184015147583005,0.0636715268145186,0.142026451563498,0.238224860376036,0.144176356477088,0.243677156414128,0.238224860376036,0.184015147583005,0.163074998260921,0.19361341827272,0.163074998260921,0.129549753265667,0.144176356477088,0.19361341827272,0.238224860376036,0.19361341827272,0.238224860376036,0.163074998260921,0.238224860376036,0.304051121218363,0.19361341827272,0.19361341827272,0.163074998260921,0.19361341827272,0.0999899660382537,0.163074998260921,0.163074998260921,0.19361341827272,0.19361341827272,0.19361341827272,0.144176356477088,0.142026451563498,0.238224860376036,0.19361341827272,0.163074998260921,0.163074998260921,0.163074998260921,0.19361341827272,0.117323026763923,0.127450189525895,0.142026451563498,0.304051121218363,0.238224860376036,0.163074998260921,0.146860142269342,0.19361341827272,0.238224860376036,0.386434809603095,0.19361341827272,0.142026451563498,0.19361341827272,0.0262176875118606,0.19361341827272,0.386434809603095,0.386434809603095,0.458800951860886,0.238224860376036,0.458800951860886,0.336556586563495,0.238224860376036,0.19361341827272,0.386434809603095,0.304051121218363,0.19361341827272,0.842271159281001,0.386434809603095
0.206873557102869,0.185269140043217,0.185269140043217,0.148976520421494,0.206873557102869,0.238224860376036,0.284037401363075,0.206873557102869,0.266362176874791,0.284037401363075,0.351665478053376,0.185269140043217,0.238224860376036,1,0.206873557102869,0.351665478053376,0.351665478053376,0.274166873716867,0.453010235567401,0.284037401363075,0.078342403747824,0.351665478053376,0.372579865945962,0.351665478053376,0.212831890191799,0.351665478053376,0.351665478053376,0.274166873716867,0.206873557102869,0.185269140043217,0.323546929785103,0.323546929785103,0.206873557102869,0.170310041403733,0.444229946263574,0.148976520421494,0.351665478053376,0.212831890191799,0.078342403747824,0.28975796754489,0.673076438978573,0.171902619932726,0.274166873716867,0.284037401363075,0.212831890191799,0.206873557102869,0.238224860376036,0.206873557102869,0.154252543182844,0.171902619932726,0.238224860376036,0.284037401363075,0.238224860376036,0.284037401363075,0.206873557102869,0.284037401363075,0.351665478053376,0.372579865945962,0.238224860376036,0.323546929785103,0.238224860376036,0.115648378688694,0.206873557102869,0.206873557102869,0.238224860376036,0.238224860376036,0.238224860376036,0.171902619932726,0.28975796754489,0.444229946263574,0.238224860376036,0.206873557102869,0.206873557102869,0.206873557102869,0.238224860376036,0.159917910029103,0.170310041403733,0.185269140043217,0.351665478053376,0.284037401363075,0.206873557102869,0.186060252085667,0.238224860376036,0.284037401363075,0.206873557102869,0.238224860376036,0.185269140043217,0.238224860376036,0.0322586368373393,0.238224860376036,0.206873557102869,0.206873557102869,0.238224860376036,0.284037401363075,0.238224860376036,0.185269140043217,0.284037401363075,0.238224860376036,0.206873557102869,0.351665478053376,0.238224860376036,0.206873557102869,0.206873557102869
0.315372823998099,0.266386646796648,0.266386646796648,0.1210836969317,0.133086930698233,0.163074998260921,0.206873557102869,0.133086930698233,0.0980978720008218,0.490223176474009,0.271481053610807,0.395774731323091,0.386434809603095,0.206873557102869,1,0.271481053610807,0.271481053610807,0.222834702756658,0.368193282506597,0.728332100315302,0.053628690703256,0.271481053610807,0.163074998260921,0.271481053610807,0.164303377491262,0.271481053610807,0.271481053610807,0.222834702756658,0.133086930698233,0.11241482621018,0.133086930698233,0.133086930698233,0.133086930698233,0.0980978720008218,0.206873557102869,0.1210836969317,0.271481053610807,0.164303377491262,0.053628690703256,0.11241482621018,0.206873557102869,0.125202196225305,0.222834702756658,0.206873557102869,0.164303377491262,0.133086930698233,0.163074998260921,0.133086930698233,0.112605750670086,0.125202196225305,0.163074998260921,0.206873557102869,0.163074998260921,0.206873557102869,0.133086930698233,0.206873557102869,0.271481053610807,0.163074998260921,0.163074998260921,0.133086930698233,0.163074998260921,0.0892790042075809,0.133086930698233,0.133086930698233,0.163074998260921,0.163074998260921,0.163074998260921,0.125202196225305,0.11241482621018,0.206873557102869,0.163074998260921,0.133086930698233,0.133086930698233,0.133086930698233,0.163074998260921,0.0881502033722786,0.0980978720008218,0.11241482621018,0.271481053610807,0.206873557102869,0.133086930698233,0.119961325976145,0.163074998260921,0.206873557102869,0.315372823998099,0.163074998260921,0.11241482621018,0.163074998260921,0.0220824020542819,0.163074998260921,0.468554246939164,0.468554246939164,0.386434809603095,0.206873557102869,0.574132130058704,0.395774731323091,0.206873557102869,0.163074998260921,0.468554246939164,0.271481053610807,0.163074998260921,0.315372823998099,0.687384851140685
0.271481053610807,0.249043530364504,0.249043530364504,0.173472727049999,0.424592019495871,0.47553108355459,0.549999174998487,0.271481053610807,0.233510808684412,0.351665478053376,0.659999251998354,0.249043530364504,0.304051121218363,0.351665478053376,0.271481053610807,1,0.421998728397202,0.319248127932352,0.527498700621427,0.351665478053376,0.0999899660382537,0.421998728397202,0.304051121218363,0.421998728397202,0.255398361876396,0.421998728397202,0.421998728397202,0.319248127932352,0.424592019495871,0.38950009252372,0.271481053610807,0.271481053610807,0.424592019495871,0.365207164605913,0.351665478053376,0.173472727049999,0.421998728397202,0.255398361876396,0.0999899660382537,0.249043530364504,0.351665478053376,0.212831890191799,0.319248127932352,0.549999174998487,0.255398361876396,0.271481053610807,0.304051121218363,0.271481053610807,0.190595686052619,0.212831890191799,0.304051121218363,0.351665478053376,0.304051121218363,0.351665478053376,0.271481053610807,0.351665478053376,0.659999251998354,0.304051121218363,0.720502458320628,0.271481053610807,0.47553108355459,0.138778105311832,0.271481053610807,0.271481053610807,0.304051121218363,0.304051121218363,0.304051121218363,0.212831890191799,0.249043530364504,0.351665478053376,0.304051121218363,0.271481053610807,0.271481053610807,0.424592019495871,0.47553108355459,0.348333224248546,0.365207164605913,0.38950009252372,0.659999251998354,0.351665478053376,0.271481053610807,0.577484843325042,0.47553108355459,0.549999174998487,0.271481053610807,0.304051121218363,0.249043530364504,0.304051121218363,0.041172338956928,0.304051121218363,0.271481053610807,0.271481053610807,0.304051121218363,0.549999174998487,0.304051121218363,0.249043530364504,0.351665478053376,0.47553108355459,0.271481053610807,0.659999251998354,0.47553108355459,0.271481053610807,0.271481053610807
0.271481053610807,0.249043530364504,0.249043530364504,0.173472727049999,0.271481053610807,0.304051121218363,0.351665478053376,0.271481053610807,0.233510808684412,0.351665478053376,0.421998728397202,0.249043530364504,0.304051121218363,0.351665478053376,0.271481053610807,0.421998728397202,1,0.319248127932352,0.527498700621427,0.351665478053376,0.0999899660382537,0.421998728397202,0.304051121218363,0.421998728397202,0.255398361876396,0.421998728397202,0.421998728397202,0.319248127932352,0.271481053610807,0.249043530364504,0.271481053610807,0.271481053610807,0.271481053610807,0.233510808684412,0.351665478053376,0.173472727049999,0.659999251998354,0.255398361876396,0.0999899660382537,0.249043530364504,0.351665478053376,0.212831890191799,0.319248127932352,0.351665478053376,0.255398361876396,0.271481053610807,0.304051121218363,0.271481053610807,0.190595686052619,0.212831890191799,0.304051121218363,0.351665478053376,0.304051121218363,0.351665478053376,0.271481053610807,0.351665478053376,0.421998728397202,0.304051121218363,0.304051121218363,0.271481053610807,0.304051121218363,0.138778105311832,0.271481053610807,0.271481053610807,0.304051121218363,0.720502458320628,0.304051121218363,0.212831890191799,0.249043530364504,0.351665478053376,0.47553108355459,0.424592019495871,0.424592019495871,0.271481053610807,0.304051121218363,0.222721733769102,0.233510808684412,0.249043530364504,0.421998728397202,0.351665478053376,0.271481053610807,0.243697869551825,0.304051121218363,0.351665478053376,0.271481053610807,0.304051121218363,0.249043530364504,0.304051121218363,0.041172338956928,0.304051121218363,0.271481053610807,0.271481053610807,0.304051121218363,0.351665478053376,0.304051121218363,0.249043530364504,0.351665478053376,0.304051121218363,0.271481053610807,0.421998728397202,0.304051121218363,0.271481053610807,0.271481053610807
0.222834702756658,0.208482801319646,0.208482801319646,0.21027009483971,0.222834702756658,0.243677156414128,0.274166873716867,0.222834702756658,0.198550564696314,0.274166873716867,0.319248127932352,0.208482801319646,0.243677156414128,0.274166873716867,0.222834702756658,0.319248127932352,0.319248127932352,1,0.386967653528542,0.274166873716867,0.132409048462471,0.319248127932352,0.243677156414128,0.319248127932352,0.527498700621427,0.319248127932352,0.319248127932352,0.639392737369731,0.222834702756658,0.208482801319646,0.222834702756658,0.222834702756658,0.222834702756658,0.198550564696314,0.274166873716867,0.21027009483971,0.319248127932352,0.527498700621427,0.132409048462471,0.208482801319646,0.274166873716867,0.453010235567401,0.639392737369731,0.274166873716867,0.527498700621427,0.222834702756658,0.243677156414128,0.222834702756658,0.404462915109633,0.453010235567401,0.243677156414128,0.274166873716867,0.243677156414128,0.274166873716867,0.222834702756658,0.274166873716867,0.319248127932352,0.243677156414128,0.243677156414128,0.222834702756658,0.243677156414128,0.173472727049999,0.222834702756658,0.222834702756658,0.243677156414128,0.243677156414128,0.243677156414128,0.453010235567401,0.208482801319646,0.274166873716867,0.243677156414128,0.222834702756658,0.222834702756658,0.222834702756658,0.243677156414128,0.191653090053325,0.198550564696314,0.208482801319646,0.319248127932352,0.274166873716867,0.222834702756658,0.199455486383727,0.243677156414128,0.274166873716867,0.222834702756658,0.243677156414128,0.208482801319646,0.243677156414128,0.0545213728963117,0.243677156414128,0.222834702756658,0.222834702756658,0.243677156414128,0.274166873716867,0.243677156414128,0.208482801319646,0.274166873716867,0.243677156414128,0.222834702756658,0.319248127932352,0.243677156414128,0.222834702756658,0.222834702756658
0.368193282506597,0.344479410138723,0.344479410138723,0.21027009483971,0.368193282506597,0.402631596345066,0.453010235567401,0.368193282506597,0.328068219423198,0.453010235567401,0.527498700621427,0.344479410138723,0.402631596345066,0.453010235567401,0.368193282506597,0.527498700621427,0.527498700621427,0.386967653528542,1,0.453010235567401,0.132409048462471,0.527498700621427,0.402631596345066,0.527498700621427,0.319248127932352,0.527498700621427,0.527498700621427,0.386967653528542,0.368193282506597,0.344479410138723,0.368193282506597,0.368193282506597,0.368193282506597,0.328068219423198,0.453010235567401,0.21027009483971,0.527498700621427,0.319248127932352,0.132409048462471,0.344479410138723,0.453010235567401,0.274166873716867,0.386967653528542,0.453010235567401,0.319248127932352,0.368193282506597,0.402631596345066,0.368193282506597,0.244785491063193,0.274166873716867,0.402631596345066,0.453010235567401,0.402631596345066,0.453010235567401,0.368193282506597,0.453010235567401,0.527498700621427,0.402631596345066,0.402631596345066,0.368193282506597,0.402631596345066,0.173472727049999,0.368193282506597,0.368193282506597,0.402631596345066,0.402631596345066,0.402631596345066,0.274166873716867,0.344479410138723,0.453010235567401,0.402631596345066,0.368193282506597,0.368193282506597,0.368193282506597,0.402631596345066,0.316671413636707,0.328068219423198,0.344479410138723,0.527498700621427,0.708500752496734,0.368193282506597,0.329563435753411,0.402631596345066,0.453010235567401,0.368193282506597,0.402631596345066,0.344479410138723,0.402631596345066,0.0545213728963117,0.402631596345066,0.368193282506597,0.368193282506597,0.402631596345066,0.453010235567401,0.402631596345066,0.344479410138723,0.453010235567401,0.402631596345066,0.368193282506597,0.527498700621427,0.402631596345066,0.368193282506597,0.368193282506597
0.490223176474009,0.439027721118709,0.439027721118709,0.148976520421494,0.206873557102869,0.238224860376036,0.284037401363075,0.206873557102869,0.170310041403733,0.673076438978573,0.351665478053376,0.652270226224164,0.564515588188714,0.284037401363075,0.728332100315302,0.351665478053376,0.351665478053376,0.274166873716867,0.453010235567401,1,0.078342403747824,0.351665478053376,0.238224860376036,0.351665478053376,0.212831890191799,0.351665478053376,0.351665478053376,0.274166873716867,0.206873557102869,0.185269140043217,0.206873557102869,0.206873557102869,0.206873557102869,0.170310041403733,0.284037401363075,0.148976520421494,0.351665478053376,0.212831890191799,0.078342403747824,0.185269140043217,0.284037401363075,0.171902619932726,0.274166873716867,0.284037401363075,0.212831890191799,0.206873557102869,0.238224860376036,0.206873557102869,0.154252543182844,0.171902619932726,0.238224860376036,0.284037401363075,0.238224860376036,0.284037401363075,0.206873557102869,0.284037401363075,0.351665478053376,0.238224860376036,0.238224860376036,0.206873557102869,0.238224860376036,0.115648378688694,0.206873557102869,0.206873557102869,0.238224860376036,0.238224860376036,0.238224860376036,0.171902619932726,0.185269140043217,0.284037401363075,0.238224860376036,0.206873557102869,0.206873557102869,0.206873557102869,0.238224860376036,0.159917910029103,0.170310041403733,0.185269140043217,0.351665478053376,0.284037401363075,0.206873557102869,0.186060252085667,0.238224860376036,0.284037401363075,0.490223176474009,0.238224860376036,0.185269140043217,0.238224860376036,0.0322586368373393,0.238224860376036,0.728332100315302,0.728332100315302,0.564515588188714,0.284037401363075,0.838709477106931,0.652270226224164,0.284037401363075,0.238224860376036,0.728332100315302,0.351665478053376,0.238224860376036,0.490223176474009,0.728332100315302
0.053628690703256,0.0467066854134993,0.0467066854134993,0.243677156414128,0.053628690703256,0.0636715268145186,0.078342403747824,0.053628690703256,0.04191314957563,0.078342403747824,0.0999899660382537,0.0467066854134993,0.0636715268145186,0.078342403747824,0.053628690703256,0.0999899660382537,0.0999899660382537,0.132409048462471,0.132409048462471,0.078342403747824,1,0.0999899660382537,0.0636715268145186,0.0999899660382537,0.0999899660382537,0.0999899660382537,0.0999899660382537,0.132409048462471,0.053628690703256,0.0467066854134993,0.053628690703256,0.053628690703256,0.053628690703256,0.04191314957563,0.078342403747824,0.243677156414128,0.0999899660382537,0.0999899660382537,0.19361341827272,0.0467066854134993,0.078342403747824,0.078342403747824,0.132409048462471,0.078342403747824,0.0999899660382537,0.053628690703256,0.0636715268145186,0.053628690703256,0.0703946147881933,0.078342403747824,0.0636715268145186,0.078342403747824,0.0636715268145186,0.078342403747824,0.053628690703256,0.078342403747824,0.0999899660382537,0.0636715268145186,0.0636715268145186,0.053628690703256,0.0636715268145186,0.304051121218363,0.053628690703256,0.053628690703256,0.0636715268145186,0.0636715268145186,0.0636715268145186,0.078342403747824,0.0467066854134993,0.078342403747824,0.0636715268145186,0.053628690703256,0.053628690703256,0.053628690703256,0.0636715268145186,0.0385827403451829,0.04191314957563,0.0467066854134993,0.0999899660382537,0.078342403747824,0.053628690703256,0.0482962883973003,0.0636715268145186,0.078342403747824,0.053628690703256,0.0636715268145186,0.0467066854134993,0.0636715268145186,0.0262176875118606,0.0636715268145186,0.053628690703256,0.053628690703256,0.0636715268145186,0.078342403747824,0.0636715268145186,0.0467066854134993,0.078342403747824,0.0636715268145186,0.053628690703256,0.0999899660382537,0.0636715268145186,0.053628690703256,0.053628690703256
